%nprocshared=12
%chk=checkpoint.chk
%mem=12GB
# sp B3LYP/Def2TZVP NoSymm
 
ts_initalOpt_zmat_AlignedSp
 
0 1
 C
 C,1,R2
 C,1,R3,2,A3
 H,1,R4,2,A4,3,D4,0
 C,3,R5,1,A5,2,D5,0
 C,2,R6,1,A6,3,D6,0
 H,2,R7,1,A7,6,D7,0
 H,3,R8,1,A8,5,D8,0
 H,3,R9,1,A9,5,D9,0
 C,5,R10,3,A10,1,D10,0
 H,6,R11,2,A11,1,D11,0
 H,6,R12,2,A12,11,D12,0
 H,5,R13,3,A13,10,D13,0
 H,5,R14,3,A14,10,D14,0
 C,10,R15,5,A15,3,D15,0
 H,10,R16,5,A16,15,D16,0
 C,15,R17,10,A17,5,D17,0
 H,15,R18,10,A18,17,D18,0
 H,17,R19,15,A19,10,D19,0
 H,17,R20,15,A20,19,D20,0
      Variables:
 R2=1.39163579
 R3=1.52389169
 R4=1.08383243
 R5=1.539197
 R6=1.37676604
 R7=1.08651243
 R8=1.09159028
 R9=1.09155584
 R10=1.52389253
 R11=1.07997689
 R12=1.08160002
 R13=1.09159039
 R14=1.09155591
 R15=1.39163729
 R16=1.08383308
 R17=1.3767659
 R18=1.08651206
 R19=1.07997664
 R20=1.08160072
 A3=123.93287596
 A4=117.05931457
 A5=102.25231488
 A6=124.75683339
 A7=116.33961679
 A8=110.76214572
 A9=111.71164813
 A10=102.25227276
 A11=121.28354233
 A12=120.14809084
 A13=112.61872193
 A14=112.82168101
 A15=123.9329063
 A16=116.43869693
 A17=124.75674813
 A18=116.33963262
 A19=121.28355407
 A20=120.14802235
 D4=-161.13550565
 D5=100.07311151
 D6=-18.89227106
 D7=-165.07196146
 D8=120.21326474
 D9=-120.90954374
 D10=-0.00017753
 D11=25.70266865
 D12=159.52711969
 D13=118.91140119
 D14=-120.13858274
 D15=-100.07284942
 D16=-161.24199967
 D17=18.89244735
 D18=165.07176127
 D19=-25.70280029
 D20=-159.52692176
 
