%nprocshared=12
%chk=checkpoint.chk
%mem=12GB
# sp B3LYP/Def2TZVP NoSymm
 
int_initalOpt_zmat_AlignedSp
 
0 1
 C
 C,1,R2
 C,1,R3,2,A3
 C,1,R4,2,A4,3,D4,0
 H,1,R5,2,A5,3,D5,0
 H,3,R6,1,A6,2,D6,0
 H,3,R7,1,A7,6,D7,0
 H,4,R8,1,A8,2,D8,0
 H,4,R9,1,A9,8,D9,0
 C,2,R10,1,A10,3,D10,0
 H,2,R11,1,A11,10,D11,0
 H,10,R12,2,A12,1,D12,0
 H,10,R13,2,A13,12,D13,0
      Variables:
 R2=1.48255768
 R3=1.51567256
 R4=1.50105527
 R5=1.08550732
 R6=1.08189852
 R7=1.08199984
 R8=1.0812518
 R9=1.08179334
 R10=1.3284951
 R11=1.08780376
 R12=1.08330891
 R13=1.08240687
 A3=120.40571449
 A4=122.87219059
 A5=113.61879462
 A6=117.06943224
 A7=118.19647234
 A8=118.32608838
 A9=117.82575164
 A10=126.7284711
 A11=114.76084054
 A12=122.1177442
 A13=121.19382615
 D4=71.62805633
 D5=-140.69690146
 D6=5.1914425
 D7=-143.91262482
 D8=-1.32634652
 D9=144.05929393
 D10=-87.85234338
 D11=179.58993351
 D12=-1.46413883
 D13=-179.80810687
 
