%nprocshared=12
%chk=checkpoint.chk
%mem=12GB
# Opt=(TS, CalcFC, noeigentest, Z-matrix, MaxStep=10) Field=read NoSymm B3LYP/Def2TZVP freq=noraman pop=none
 
ts_zmat_initalOpt
 
0 1
 H
 N,1,R2
 C,2,R3,1,A3
 C,2,R4,1,A4,3,D4,0
 H,3,R5,2,A5,1,D5,0
 C,3,R6,2,A6,5,D6,0
 C,4,R7,2,A7,1,D7,0
 C,4,R8,2,A8,7,D8,0
 H,6,R9,3,A9,2,D9,0
 H,8,R10,4,A10,2,D10,0
 H,7,R11,4,A11,2,D11,0
 C,8,R12,4,A12,10,D12,0
 H,12,R13,8,A13,4,D13,0
 C,12,R14,8,A14,13,D14,0
 H,14,R15,12,A15,8,D15,0
 C,14,R16,12,A16,15,D16,0
 O,16,R17,14,A17,12,D17,0
      Variables:
 R2=1.00598274
 R3=1.39127487
 R4=1.3611471
 R5=1.0768922
 R6=1.35652832
 R7=1.41560941
 R8=1.41638221
 R9=1.07682917
 R10=1.08164578
 R11=1.08329337
 R12=1.36916462
 R13=1.08422433
 R14=1.41590314
 R15=1.08553481
 R16=1.37596407
 R17=1.17945944
 A3=124.59397708
 A4=124.18826987
 A5=120.52343789
 A6=108.62358929
 A7=107.11247349
 A8=126.86937386
 A9=126.10544269
 A10=121.07605033
 A11=120.20679282
 A12=117.95383127
 A13=117.24586125
 A14=127.53786294
 A15=118.21836886
 A16=127.71795328
 A17=144.62153333
 D4=-167.10923987
 D5=10.31048445
 D6=179.95694792
 D7=169.42636429
 D8=-170.90185638
 D9=-178.12112864
 D10=-28.40807541
 D11=144.79912116
 D12=171.08139766
 D13=-175.37208272
 D14=174.43413945
 D15=-164.28668081
 D16=166.10211955
 D17=179.09517094
 
-0.00151385145099 -0.000316643848586 0.00196417678875 0.0 0.0 0.0 0.0 0.0 0.0
0.0 0.0 0.0 0.0 0.0 0.0 0.0 0.0 0.0 0.0
0.0 0.0 0.0 0.0 0.0 0.0 0.0 0.0 0.0 0.0 0.0 0.0 0.0 0.0 0.0


