%nprocshared=12
%chk=checkpoint.chk
%mem=12GB
# Opt=(Z-matrix, MaxStep=10) B3LYP/Def2TZVP Field=read NoSymm freq=noraman pop=none
 
int_zmat_initalOpt
 
0 1
 C
 C,1,R2
 C,1,R3,2,A3
 C,1,R4,2,A4,3,D4,0
 H,1,R5,2,A5,3,D5,0
 C,2,R6,1,A6,3,D6,0
 C,2,R7,1,A7,6,D7,0
 C,3,R8,1,A8,2,D8,0
 H,4,R9,1,A9,2,D9,0
 H,4,R10,1,A10,9,D10,0
 H,2,R11,1,A11,6,D11,0
 H,3,R12,1,A12,8,D12,0
 C,7,R13,2,A13,1,D13,0
 H,7,R14,2,A14,13,D14,0
 H,6,R15,2,A15,1,D15,0
 H,6,R16,2,A16,15,D16,0
 H,8,R17,3,A17,1,D17,0
 H,8,R18,3,A18,17,D18,0
 H,13,R19,7,A19,2,D19,0
 H,13,R20,7,A20,19,D20,0
      Variables:
 R2=1.58629779
 R3=1.49690655
 R4=1.5502399
 R5=1.09390493
 R6=1.54463973
 R7=1.49095939
 R8=1.32765749
 R9=1.09046513
 R10=1.0884199
 R11=1.09521803
 R12=1.08748426
 R13=1.32781743
 R14=1.0884266
 R15=1.09012245
 R16=1.08992272
 R17=1.08275886
 R18=1.08259413
 R19=1.08255209
 R20=1.08328633
 A3=114.90176527
 A4=87.29483004
 A5=112.83000936
 A6=88.33366791
 A7=120.45661265
 A8=127.63946217
 A9=111.09285437
 A10=117.70467368
 A11=106.75077321
 A12=114.39832296
 A13=126.32444563
 A14=115.22677776
 A15=111.71652915
 A16=117.19912474
 A17=122.62296581
 A18=120.97442586
 A19=121.35263001
 A20=122.02579251
 D4=119.34758965
 D5=-124.62846589
 D6=-101.2122125
 D7=126.56916405
 D8=114.6560334
 D9=95.39731827
 D10=125.5343
 D11=-109.63383544
 D12=179.23722559
 D13=-115.2317652
 D14=-178.92398343
 D15=94.33698728
 D16=126.48270955
 D17=-0.66040349
 D18=179.75200174
 D19=-178.97775057
 D20=179.73641624
 
-0.00186873020435 -0.00064587975631 0.00152993031336 0.0 0.0 0.0 0.0 0.0 0.0
0.0 0.0 0.0 0.0 0.0 0.0 0.0 0.0 0.0 0.0
0.0 0.0 0.0 0.0 0.0 0.0 0.0 0.0 0.0 0.0 0.0 0.0 0.0 0.0 0.0


