%nprocshared=12
%chk=checkpoint.chk
%mem=12GB
# sp B3LYP/Def2TZVP NoSymm
 
int_initalOpt_zmat_AlignedSp
 
0 1
 C
 C,1,R2
 C,1,R3,2,A3
 N,1,R4,2,A4,3,D4,0
 C,3,R5,1,A5,2,D5,0
 H,2,R6,1,A6,3,D6,0
 H,3,R7,1,A7,5,D7,0
 C,2,R8,1,A8,6,D8,0
 C,4,R9,1,A9,2,D9,0
 H,4,R10,1,A10,9,D10,0
 C,5,R11,3,A11,1,D11,0
 H,5,R12,3,A12,11,D12,0
 H,8,R13,2,A13,1,D13,0
 H,9,R14,4,A14,1,D14,0
 C,11,R15,5,A15,3,D15,0
 H,11,R16,5,A16,15,D16,0
 O,15,R17,11,A17,5,D17,0
      Variables:
 R2=1.38864366
 R3=1.44480889
 R4=1.38160983
 R5=1.34726609
 R6=1.07576465
 R7=1.08623191
 R8=1.41452459
 R9=1.36598234
 R10=1.00484123
 R11=1.45400568
 R12=1.08319725
 R13=1.07723553
 R14=1.07651633
 R15=1.31997888
 R16=1.08514286
 R17=1.15844692
 A3=134.06788837
 A4=106.10831967
 A5=130.23634164
 A6=125.97987791
 A7=114.48898494
 A8=108.13983687
 A9=110.65120306
 A10=124.15012208
 A11=131.31082666
 A12=116.20770265
 A13=126.6741883
 A14=121.39735624
 A15=129.55522772
 A16=118.04392854
 A17=176.33459459
 D4=175.8587909
 D5=-24.54261199
 D6=0.50036917
 D7=179.21948788
 D8=-176.85455485
 D9=0.83636645
 D10=176.13526142
 D11=-5.10918147
 D12=-179.16984336
 D13=179.52434318
 D14=179.02346221
 D15=-17.85920896
 D16=-173.38427133
 D17=176.91115793
 
