 C
 H,1,R2
 H,1,R3,2,A3
 C,1,R4,2,A4,3,D4,0
 C,1,R4,2,A4,3,-D4,0
 C,5,R6,1,A6,2,D6,0
 C,4,R6,1,A6,2,-D6,0
 H,5,R8,1,A8,6,D8,0
 H,4,R8,1,A8,7,-D8,0
 H,6,R10,5,A10,1,D10,0
 H,7,R10,4,A10,1,-D10,0
 C,1,R12,2,A12,3,D12,0
 C,12,R13,1,A13,2,D13,0
 C,12,R14,1,A14,13,D14,0
 H,12,R15,1,A15,13,D15,0
 O,13,R16,12,A16,1,D16,0
 O,13,R17,12,A17,16,D17,0
 C,14,R13,12,A18,1,D18,0
 H,14,R15,12,A19,18,D19,0
 O,18,R17,14,A17,12,D20,0
      Variables:
 R2=1.08725234
 R3=1.09863231
 R4=1.50658399
 R6=1.40210249
 R8=1.08057937
 R10=1.08016664
 R12=2.63316191
 R13=1.47575767
 R14=1.398918
 R15=1.07809714
 R16=1.39687804
 R17=1.19308722
 A3=107.85544409
 A4=116.25132786
 A6=106.58767241
 A8=123.68063945
 A10=125.13948855
 A12=78.446496
 A13=131.43242421
 A14=74.59533376
 A15=91.95916624
 A16=107.51454206
 A17=130.87882898
 A18=107.37714607
 A19=126.30714082
 D4=121.58553552
 D6=-154.36043594
 D8=-154.0625952
 D10=-168.40753632
 D12=164.26858733
 D13=-173.44082025
 D14=-99.78812655
 D15=132.97491892
 D16=-79.18651681
 D17=179.70717176
 D18=129.27144914
 D19=149.84536671
 D20=174.93276779
