 H
 C,1,R2
 H,2,R3,1,A3
 C,2,R4,1,A4,3,D4,0
 H,4,R5,2,A5,1,D5,0
 C,4,R6,2,A6,5,D6,0
 H,6,R7,4,A7,2,D7,0
 C,6,R8,4,A8,7,D8,0
 C,6,R9,4,A9,7,D9,0
 H,8,R10,6,A10,4,D10,0
 H,8,R11,6,A11,10,D11,0
 H,9,R12,6,A12,4,D12,0
 H,9,R13,6,A13,12,D13,0
      Variables:
 R2=1.08240687
 R3=1.08330891
 R4=1.3284951
 R5=1.08780376
 R6=1.48255734
 R7=1.08550805
 R8=1.50105531
 R9=1.51567194
 R10=1.08179327
 R11=1.0812518
 R12=1.08199984
 R13=1.08189852
 A3=116.68816908
 A4=121.19382615
 A5=118.509473
 A6=126.7284741
 A7=113.61877267
 A8=122.87221283
 A9=120.40577961
 A10=117.82573998
 A11=118.32607254
 A12=118.19649144
 A13=117.06940358
 D4=179.81809537
 D5=-0.84849399
 D6=179.57620325
 D7=131.45073169
 D8=-147.6749271
 D9=140.69695935
 D10=142.73292392
 D11=-144.05935408
 D12=-138.72117783
 D13=143.91260928
