 H
 N,1,R2
 C,2,R3,1,A3
 C,2,R4,1,A4,3,D4,0
 H,3,R5,2,A5,1,D5,0
 C,3,R6,2,A6,5,D6,0
 C,4,R7,2,A7,1,D7,0
 C,4,R8,2,A8,7,D8,0
 H,6,R9,3,A9,2,D9,0
 H,8,R10,4,A10,2,D10,0
 H,7,R11,4,A11,2,D11,0
 C,8,R12,4,A12,10,D12,0
 H,12,R13,8,A13,4,D13,0
 C,12,R14,8,A14,13,D14,0
 H,14,R15,12,A15,8,D15,0
 C,14,R16,12,A16,15,D16,0
 O,16,R17,14,A17,12,D17,0
      Variables:
 R2=1.00484123
 R3=1.36598234
 R4=1.38160983
 R5=1.07651633
 R6=1.37524859
 R7=1.38864366
 R8=1.44480889
 R9=1.07723553
 R10=1.08623152
 R11=1.07576465
 R12=1.34726709
 R13=1.0831968
 R14=1.45400505
 R15=1.08514269
 R16=1.3199791
 R17=1.15844692
 A3=125.07529357
 A4=124.15012208
 A5=121.39735624
 A6=107.62790944
 A7=106.10831967
 A8=119.70483291
 A9=125.85836149
 A10=114.4890335
 A11=125.97987791
 A12=130.23633918
 A13=116.20765634
 A14=131.31079472
 A15=118.04390291
 A16=129.55524833
 A17=176.33458384
 D4=-175.58007782
 D5=2.9315808
 D6=-179.87473763
 D7=176.97162787
 D8=176.57524513
 D9=-179.02111832
 D10=-20.74167925
 D11=176.35916007
 D12=-179.21943139
 D13=175.72101916
 D14=179.16972599
 D15=168.75663828
 D16=173.384148
 D17=176.91056627
