%nprocshared=12
%chk=checkpoint.chk
%mem=12GB
# Opt=(Z-matrix, MaxStep=10) B3LYP/Def2TZVP Field=read NoSymm freq=noraman pop=none
 
int_zmat_initalOpt
 
0 1
 C
 C,1,R2
 C,1,R3,2,A3
 H,1,R4,2,A4,3,D4,0
 H,1,R5,2,A5,3,D5,0
 C,2,R6,1,A6,3,D6,0
 C,3,R7,1,A7,2,D7,0
 H,2,R8,1,A8,6,D8,0
 H,2,R9,1,A9,6,D9,0
 H,3,R10,1,A10,7,D10,0
 C,7,R11,3,A11,1,D11,0
 C,6,R12,2,A12,1,D12,0
 H,7,R13,3,A13,11,D13,0
 H,6,R14,2,A14,12,D14,0
 C,12,R15,6,A15,2,D15,0
 H,11,R16,7,A16,3,D16,0
 H,11,R17,7,A17,16,D17,0
 H,12,R18,6,A18,15,D18,0
 H,15,R19,12,A19,6,D19,0
 H,15,R20,12,A20,19,D20,0
      Variables:
 R2=1.54700262
 R3=1.54464024
 R4=1.09012245
 R5=1.08992272
 R6=1.55023924
 R7=1.49095851
 R8=1.09046513
 R9=1.0884199
 R10=1.09521905
 R11=1.32781743
 R12=1.49690732
 R13=1.0884266
 R14=1.09390611
 R15=1.32765682
 R16=1.08255297
 R17=1.08328633
 R18=1.08748446
 R19=1.08275886
 R20=1.08259339
 A3=88.90092467
 A4=111.25178134
 A5=117.84480102
 A6=89.56143465
 A7=121.87744391
 A8=112.00736931
 A9=117.33076627
 A10=109.26839636
 A11=126.32444963
 A12=117.64031767
 A13=115.22677409
 A14=114.97586558
 A15=127.63946387
 A16=121.3526288
 A17=122.02579251
 A18=114.39828311
 A19=122.62297133
 A20=120.97448141
 D4=-112.93112182
 D5=120.45747227
 D6=18.58715018
 D7=-143.54254067
 D8=-112.64881761
 D9=121.29155432
 D10=-127.44076128
 D11=-6.20754116
 D12=98.71464309
 D13=-178.92400456
 D14=129.20117985
 D15=14.0315543
 D16=-178.97780132
 D17=179.73644528
 D18=179.23740597
 D19=-0.66025805
 D20=179.75198402
 
-0.000658673345323 -0.00211225052321 -0.00116385014128 0.0 0.0 0.0 0.0 0.0 0.0
0.0 0.0 0.0 0.0 0.0 0.0 0.0 0.0 0.0 0.0
0.0 0.0 0.0 0.0 0.0 0.0 0.0 0.0 0.0 0.0 0.0 0.0 0.0 0.0 0.0


