%nprocshared=12
%chk=checkpoint.chk
%mem=12GB
# Opt=(TS, CalcFC, noeigentest, Z-matrix, MaxStep=10) Field=read NoSymm B3LYP/Def2TZVP freq=noraman pop=none
 
ts_zmat_initalOpt
 
0 1
 C
 C,1,R2
 C,1,R3,2,A3
 H,1,R4,2,A4,3,D4,0
 O,3,R5,1,A5,2,D5,0
 C,2,R6,1,A6,3,D6,0
 H,2,R7,1,A7,6,D7,0
 C,6,R8,2,A8,1,D8,0
 H,6,R9,2,A9,8,D9,0
 C,8,R10,6,A10,2,D10,0
 N,8,R11,6,A11,10,D11,0
 H,10,R12,8,A12,6,D12,0
 C,10,R13,8,A13,12,D13,0
 C,11,R14,8,A14,6,D14,0
 H,11,R15,8,A15,14,D15,0
 H,13,R16,10,A16,8,D16,0
 H,14,R17,11,A17,8,D17,0
      Variables:
 R2=1.41590314
 R3=1.37596407
 R4=1.08553481
 R5=1.17945944
 R6=1.36916462
 R7=1.08422433
 R8=1.41638221
 R9=1.08164578
 R10=1.41560941
 R11=1.3611471
 R12=1.08329337
 R13=1.44401568
 R14=1.39127487
 R15=1.00598274
 R16=1.07682917
 R17=1.0768922
 A3=127.71795328
 A4=118.21836886
 A5=144.62153333
 A6=127.53786294
 A7=115.00596513
 A8=117.95383127
 A9=120.36082519
 A10=125.33964482
 A11=126.86937386
 A12=120.20679282
 A13=106.66956521
 A14=110.16664068
 A15=124.18826987
 A16=126.47032565
 A17=120.52343789
 D4=-166.10211955
 D5=179.09517094
 D6=1.81543874
 D7=174.54018168
 D8=-0.93794327
 D9=171.14783768
 D10=-26.650234
 D11=169.32355624
 D12=-44.12211203
 D13=-144.90888171
 D14=-170.19318403
 D15=168.71769194
 D16=178.54653234
 D17=178.97263519
 
-0.00145487845059 0.000475281177674 -0.00197672367724 0.0 0.0 0.0 0.0 0.0 0.0
0.0 0.0 0.0 0.0 0.0 0.0 0.0 0.0 0.0 0.0
0.0 0.0 0.0 0.0 0.0 0.0 0.0 0.0 0.0 0.0 0.0 0.0 0.0 0.0 0.0


