%nprocshared=12
%chk=checkpoint.chk
%mem=12GB
# sp B3LYP/Def2TZVP NoSymm
 
int_initalOpt_zmat_AlignedSp
 
0 1
 C
 C,1,R2
 C,1,R3,2,A3
 H,1,R4,2,A4,3,D4,0
 O,2,R5,1,A5,3,D5,0
 C,3,R6,1,A6,2,D6,0
 H,3,R7,1,A7,6,D7,0
 O,2,R8,1,A8,5,D8,0
 O,6,R9,3,A9,1,D9,0
 C,1,R10,2,A10,3,D10,0
 C,10,R11,1,A11,2,D11,0
 C,10,R12,1,A12,11,D12,0
 H,10,R13,1,A13,11,D13,0
 C,11,R14,10,A14,1,D14,0
 H,11,R15,10,A15,14,D15,0
 H,12,R16,10,A16,1,D16,0
 H,12,R17,10,A17,16,D17,0
 C,12,R18,10,A18,16,D18,0
 H,14,R19,11,A19,10,D19,0
 H,18,R20,12,A20,10,D20,0
      Variables:
 R2=1.48589803
 R3=1.32924277
 R4=1.07822332
 R5=1.18991545
 R6=1.48577211
 R7=1.07827105
 R8=1.39081438
 R9=1.18985462
 R10=3.78536929
 R11=1.34527044
 R12=1.50111529
 R13=1.07998208
 R14=1.46420964
 R15=1.08090154
 R16=1.09701995
 R17=1.09727231
 R18=1.50122246
 R19=1.08089941
 R20=1.07994822
 A3=108.24324721
 A4=121.97226484
 A5=130.07142919
 A6=108.26549858
 A7=129.76749838
 A8=107.41627942
 A9=130.07822371
 A10=89.45845116
 A11=79.05168469
 A12=89.45298767
 A13=100.84523812
 A14=109.27550045
 A15=126.15531337
 A16=112.42571713
 A17=111.669896
 A18=103.17401387
 A19=124.56381888
 A20=124.14337432
 D4=179.90306538
 D5=-179.19401151
 D6=0.00834322
 D7=179.8323187
 D8=179.43689551
 D9=179.11461615
 D10=-97.98989377
 D11=32.00347749
 D12=109.61534013
 D13=-125.66951799
 D14=85.07402443
 D15=179.97403201
 D16=43.92701711
 D17=118.55369421
 D18=-121.37833113
 D19=179.9581834
 D20=-179.84590432
 
