%nprocshared=12
%chk=checkpoint.chk
%mem=12GB
# sp B3LYP/Def2TZVP NoSymm
 
ts_initalOpt_zmat_AlignedSp
 
0 1
 N
 O,1,R2
 C,1,R3,2,A3
 C,1,R4,2,A4,3,D4,0
 H,3,R5,1,A5,2,D5,0
 H,3,R6,1,A6,5,D6,0
 H,3,R7,1,A7,5,D7,0
 H,4,R8,1,A8,2,D8,0
 H,4,R9,1,A9,8,D9,0
 H,4,R10,1,A10,8,D10,0
 C,1,R11,2,A11,3,D11,0
 C,11,R12,1,A12,2,D12,0
 H,11,R13,1,A13,12,D13,0
 H,11,R14,1,A14,12,D14,0
 H,12,R15,11,A15,1,D15,0
 H,12,R16,11,A16,15,D16,0
 H,12,R17,11,A17,15,D17,0
      Variables:
 R2=1.34147491
 R3=1.46375226
 R4=1.4637524
 R5=1.09361798
 R6=1.08725093
 R7=1.09141309
 R8=1.08725027
 R9=1.09361795
 R10=1.09141357
 R11=2.05333931
 R12=1.4046098
 R13=1.08336948
 R14=1.08336876
 R15=1.36164623
 R16=1.08558103
 R17=1.08558101
 A3=111.97281764
 A4=111.9727586
 A5=110.4496159
 A6=108.34421539
 A7=109.68657402
 A8=108.3441555
 A9=110.44957424
 A10=109.6866664
 A11=100.44822575
 A12=99.25786083
 A13=96.40243061
 A14=96.40241597
 A15=93.84133909
 A16=117.82418724
 A17=117.82417729
 D4=129.04348015
 D5=66.37270831
 D6=-119.30850278
 D7=120.87721249
 D8=52.93561818
 D9=-119.30842111
 D10=119.81425197
 D11=-115.4783116
 D12=-0.00028338
 D13=122.41661073
 D14=-122.41683017
 D15=0.00013746
 D16=-108.40557796
 D17=108.40553951
 
