%nprocshared=12
%chk=checkpoint.chk
%mem=12GB
# sp B3LYP/Def2TZVP NoSymm
 
ts_initalOpt_zmat_AlignedSp
 
0 1
 H
 C,1,R2
 H,2,R3,1,A3
 C,2,R4,1,A4,3,D4,0
 H,4,R5,2,A5,1,D5,0
 C,4,R6,2,A6,5,D6,0
 H,6,R7,4,A7,2,D7,0
 C,6,R8,4,A8,7,D8,0
 H,8,R9,6,A9,4,D9,0
 H,8,R10,6,A10,9,D10,0
 C,8,R11,6,A11,9,D11,0
 H,11,R12,8,A12,6,D12,0
 H,11,R13,8,A13,12,D13,0
      Variables:
 R2=1.08422353
 R3=1.07696815
 R4=1.36996954
 R5=1.09297091
 R6=1.38897687
 R7=1.08702961
 R8=1.50546643
 R9=1.09595197
 R10=1.09294735
 R11=1.45932768
 R12=1.0804694
 R13=1.07871289
 A3=117.07369131
 A4=121.23389339
 A5=117.32828316
 A6=127.86756477
 A7=118.9171403
 A8=123.46834403
 A9=107.97209234
 A10=112.24803153
 A11=103.438631
 A12=119.03921765
 A13=122.85703423
 D4=169.9123212
 D5=-21.48510071
 D6=177.62252149
 D7=151.07364674
 D8=178.25373076
 D9=168.41914129
 D10=118.57271829
 D11=-118.46512589
 D12=66.14457563
 D13=-178.67074378
 
