%nprocshared=12
%chk=checkpoint.chk
%mem=12GB
# Opt=(TS, CalcFC, noeigentest, Z-matrix, MaxStep=10) Field=read NoSymm B3LYP/Def2TZVP freq=noraman pop=none
 
ts_zmat_initalOpt
 
0 1
 C
 C,1,R2
 C,1,R3,2,A3
 N,1,R4,2,A4,3,D4,0
 C,3,R5,1,A5,2,D5,0
 H,2,R6,1,A6,3,D6,0
 H,3,R7,1,A7,5,D7,0
 C,2,R8,1,A8,6,D8,0
 C,4,R9,1,A9,2,D9,0
 H,4,R10,1,A10,9,D10,0
 C,5,R11,3,A11,1,D11,0
 H,5,R12,3,A12,11,D12,0
 H,8,R13,2,A13,1,D13,0
 H,9,R14,4,A14,1,D14,0
 C,11,R15,5,A15,3,D15,0
 H,11,R16,5,A16,15,D16,0
 O,15,R17,11,A17,5,D17,0
      Variables:
 R2=1.41560941
 R3=1.41638221
 R4=1.3611471
 R5=1.36916462
 R6=1.08329337
 R7=1.08164578
 R8=1.44401568
 R9=1.39127487
 R10=1.00598274
 R11=1.41590314
 R12=1.08422433
 R13=1.07682917
 R14=1.0768922
 R15=1.37596407
 R16=1.08553481
 R17=1.17945944
 A3=125.33964482
 A4=107.11247349
 A5=117.95383127
 A6=120.20679282
 A7=121.07605033
 A8=106.66956521
 A9=110.16664068
 A10=124.18826987
 A11=127.53786294
 A12=117.24586125
 A13=126.47032565
 A14=120.52343789
 A15=127.71795328
 A16=118.21836886
 A17=144.62153333
 D4=-171.07876681
 D5=-26.650234
 D6=-44.12211203
 D7=-171.08139766
 D8=-144.90888171
 D9=0.70867235
 D10=168.71769194
 D11=-0.93794327
 D12=-174.43413945
 D13=178.54653234
 D14=178.97263519
 D15=1.81543874
 D16=-166.10211955
 D17=179.09517094
 
2.21654574143e-05 0.000913594531019 0.00232698382577 0.0 0.0 0.0 0.0 0.0 0.0
0.0 0.0 0.0 0.0 0.0 0.0 0.0 0.0 0.0 0.0
0.0 0.0 0.0 0.0 0.0 0.0 0.0 0.0 0.0 0.0 0.0 0.0 0.0 0.0 0.0


