%nprocshared=12
%chk=checkpoint.chk
%mem=12GB
# sp B3LYP/Def2TZVP NoSymm
 
ts_initalOpt_zmat_AlignedSp
 
0 1
 H
 C,1,R2
 C,2,R3,1,A3
 O,2,R4,1,A4,3,D4,0
 H,2,R5,1,A5,3,D5,0
 C,4,R6,2,A6,1,D6,0
 C,3,R7,2,A7,1,D7,0
 C,6,R8,4,A8,2,D8,0
 H,6,R9,4,A9,8,D9,0
 H,6,R10,4,A10,8,D10,0
 C,7,R11,3,A11,2,D11,0
 C,8,R12,6,A12,4,D12,0
 H,8,R13,6,A13,12,D13,0
 H,11,R14,7,A14,3,D14,0
 H,11,R15,7,A15,14,D15,0
 H,11,R16,7,A16,14,D16,0
 C,12,R17,8,A17,6,D17,0
 H,12,R18,8,A18,17,D18,0
 H,17,R19,12,A19,8,D19,0
 H,17,R20,12,A20,19,D20,0
 H,17,R21,12,A21,19,D21,0
      Variables:
 R2=1.09481608
 R3=1.46791565
 R4=1.43347089
 R5=1.0958394
 R6=1.43421904
 R7=1.24931596
 R8=1.49890992
 R9=1.09286514
 R10=1.09488413
 R11=1.48310042
 R12=1.37929571
 R13=1.08843567
 R14=1.09214811
 R15=1.09276911
 R16=1.09283966
 R17=1.40895003
 R18=1.08616371
 R19=1.08625619
 R20=1.33996608
 R21=1.0852847
 A3=109.90136614
 A4=107.2800896
 A5=108.03448816
 A6=112.65144954
 A7=153.08872986
 A8=109.43257058
 A9=104.84936181
 A10=110.89326115
 A11=146.20988899
 A12=129.62783217
 A13=111.38958777
 A14=111.74768094
 A15=110.92810463
 A16=110.62194836
 A17=124.14997777
 A18=115.66851569
 A19=119.46783623
 A20=94.35546446
 A21=117.67810113
 D4=120.36947472
 D5=-121.95031012
 D6=-134.03109965
 D7=3.66039117
 D8=-35.40933709
 D9=-119.08781596
 D10=124.29215938
 D11=-23.29376872
 D12=146.13262476
 D13=156.49385751
 D14=2.06209135
 D15=-120.83328229
 D16=120.80070976
 D17=-41.09773803
 D18=-156.05305452
 D19=40.91004327
 D20=-101.20729341
 D21=143.75216593
 
