 C
 C,1,R2
 S,1,R3,2,A3
 C,1,R4,2,A4,3,D4,0
 C,3,R5,1,A5,2,D5,0
 O,3,R6,1,A6,5,D6,0
 H,2,R7,1,A7,3,D7,0
 C,2,R8,1,A8,7,D8,0
 C,4,R9,1,A9,2,D9,0
 H,4,R10,1,A10,9,D10,0
 C,5,R11,3,A11,1,D11,0
 H,5,R12,3,A12,11,D12,0
 H,5,R13,3,A13,11,D13,0
 H,8,R14,2,A14,1,D14,0
 C,8,R15,2,A15,14,D15,0
 H,9,R16,4,A16,1,D16,0
 C,11,R17,5,A17,3,D17,0
 H,11,R18,5,A18,17,D18,0
 H,15,R19,8,A19,2,D19,0
 H,17,R20,11,A20,5,D20,0
 H,17,R21,11,A21,20,D21,0
      Variables:
 R2=1.38801951
 R3=1.81135
 R4=1.3914642
 R5=1.86675567
 R6=1.48702871
 R7=1.08259674
 R8=1.39102727
 R9=1.38934922
 R10=1.08411881
 R11=1.4882187
 R12=1.09181579
 R13=1.09061088
 R14=1.08278274
 R15=1.39064735
 R16=1.08266529
 R17=1.32769595
 R18=1.0861292
 R19=1.08259092
 R20=1.08226932
 R21=1.08346548
 A3=118.73852014
 A4=121.05276917
 A5=96.14580669
 A6=107.3659775
 A7=119.02066106
 A8=119.20478709
 A9=119.37287167
 A10=120.46357519
 A11=110.44410073
 A12=105.88221461
 A13=105.21721414
 A14=119.71011713
 A15=120.23243776
 A16=119.83430694
 A17=124.13458723
 A18=116.32673628
 A19=120.00911725
 A20=121.4141384
 A21=121.60452658
 D4=176.646226
 D5=-102.41806948
 D6=109.24511598
 D7=1.3525496
 D8=-179.290048
 D9=1.49874769
 D10=-179.29548509
 D11=-176.70702288
 D12=121.94605475
 D13=-121.77700859
 D14=-179.96805007
 D15=-179.71077812
 D16=179.87052811
 D17=-103.84194996
 D18=178.40323323
 D19=179.73004968
 D20=179.00182839
 D21=-179.75955499
