%nprocshared=12
%chk=checkpoint.chk
%mem=12GB
# Opt=(TS, CalcFC, noeigentest, Z-matrix, MaxStep=10) Field=read NoSymm B3LYP/Def2TZVP freq=noraman pop=none
 
ts_zmat_initalOpt
 
0 1
 C
 C,1,R2
 S,1,R3,2,A3
 C,1,R4,2,A4,3,D4,0
 O,3,R5,1,A5,2,D5,0
 H,2,R6,1,A6,3,D6,0
 C,2,R7,1,A7,6,D7,0
 C,4,R8,1,A8,2,D8,0
 H,4,R9,1,A9,8,D9,0
 H,7,R10,2,A10,1,D10,0
 C,7,R11,2,A11,10,D11,0
 H,8,R12,4,A12,1,D12,0
 H,11,R13,7,A13,2,D13,0
 C,1,R14,2,A14,3,D14,0
 C,14,R15,1,A15,2,D15,0
 H,14,R16,1,A16,15,D16,0
 H,14,R17,1,A17,15,D17,0
 C,15,R18,14,A18,1,D18,0
 H,15,R19,14,A19,18,D19,0
 H,18,R20,15,A20,14,D20,0
 H,18,R21,15,A21,20,D21,0
      Variables:
 R2=1.39254027
 R3=1.78173595
 R4=1.39614326
 R5=1.53578129
 R6=1.08177977
 R7=1.39029739
 R8=1.3878631
 R9=1.08418913
 R10=1.08301212
 R11=1.39068323
 R12=1.08283332
 R13=1.08238279
 R14=3.8183846
 R15=1.38679879
 R16=1.08037426
 R17=1.08051659
 R18=1.37364333
 R19=1.08462714
 R20=1.08205756
 R21=1.08175282
 A3=121.40622417
 A4=120.24103923
 A5=106.23472181
 A6=119.25279364
 A7=119.55261936
 A8=119.76281802
 A9=120.12193676
 A10=119.54392103
 A11=120.45901567
 A12=119.67222853
 A13=120.16712864
 A14=83.90941151
 A15=86.22836043
 A16=136.15038536
 A17=62.805023
 A18=119.40564611
 A19=118.5587758
 A20=121.41982337
 A21=120.89324809
 D4=178.35413788
 D5=-5.9129448
 D6=0.25641639
 D7=-179.08652609
 D8=0.12574156
 D9=179.9607912
 D10=179.95523893
 D11=-179.52024283
 D12=-179.92394691
 D13=179.76471098
 D14=-34.17773255
 D15=-157.96514384
 D16=-132.80473134
 D17=126.95113392
 D18=26.17499553
 D19=-160.29958028
 D20=-168.19600102
 D21=-165.34908313
 
-0.00241740014715 8.25848219856e-05 0.00063194641839 0.0 0.0 0.0 0.0 0.0 0.0
0.0 0.0 0.0 0.0 0.0 0.0 0.0 0.0 0.0 0.0
0.0 0.0 0.0 0.0 0.0 0.0 0.0 0.0 0.0 0.0 0.0 0.0 0.0 0.0 0.0


