 C
 C,1,R2
 C,1,R3,2,A3
 H,1,R4,2,A4,3,D4,0
 H,2,R5,1,A5,3,D5,0
 H,3,R6,1,A6,2,D6,0
 C,3,R7,1,A7,6,D7,0
 C,2,R8,1,A8,5,D8,0
 H,7,R9,3,A9,1,D9,0
 O,7,R10,3,A10,9,D10,0
 H,8,R11,2,A11,1,D11,0
 H,8,R12,2,A12,11,D12,0
      Variables:
 R2=1.33659615
 R3=1.45366089
 R4=1.08305164
 R5=1.08216452
 R6=1.07979233
 R7=1.34159987
 R8=1.50114754
 R9=1.0823795
 R10=1.35330208
 R11=1.08877293
 R12=1.10150995
 A3=119.24237867
 A4=121.32134865
 A5=122.73965562
 A6=121.67043984
 A7=118.04729408
 A8=118.0310261
 A9=124.4354456
 A10=123.18360196
 A11=112.50062942
 A12=111.10270891
 D4=-175.86873757
 D5=175.56055039
 D6=172.24232345
 D7=172.50145561
 D8=178.61573588
 D9=-169.05379551
 D10=174.73859002
 D11=152.56180696
 D12=121.43267424
