 C
 C,1,R2
 C,1,R3,2,A3
 C,1,R4,2,A4,3,D4,0
 H,2,R5,1,A5,3,D5,0
 C,2,R6,1,A6,5,D6,0
 C,3,R7,1,A7,2,D7,0
 C,3,R8,1,A8,7,D8,0
 H,4,R9,1,A9,2,D9,0
 H,4,R10,1,A10,9,D10,0
 C,6,R11,2,A11,1,D11,0
 H,6,R12,2,A12,11,D12,0
 H,7,R13,3,A13,1,D13,0
 H,8,R14,3,A14,1,D14,0
 H,8,R15,3,A15,14,D15,0
 H,11,R16,6,A16,2,D16,0
      Variables:
 R2=1.38261323
 R3=1.3900038
 R4=1.51936205
 R5=1.08336574
 R6=1.39878989
 R7=1.3826148
 R8=1.51936123
 R9=1.0914701
 R10=1.09146811
 R11=1.3970091
 R12=1.0831956
 R13=1.08336586
 R14=1.0914701
 R15=1.0914689
 R16=1.08319376
 A3=122.27231814
 A4=144.17061935
 A5=123.12509687
 A6=116.04148387
 A7=122.27242099
 A8=93.55717756
 A9=115.67765099
 A10=115.67785261
 A11=121.68619799
 A12=119.43894994
 A13=123.12519963
 A14=115.6777069
 A15=115.67782202
 A16=118.87478514
 D4=-179.99976763
 D5=180.
 D6=-179.99994169
 D7=-0.00011377
 D8=179.99992812
 D9=-64.32794695
 D10=128.65591459
 D11=0.
 D12=179.99988388
 D13=179.99985891
 D14=115.67220103
 D15=128.65597931
 D16=-179.99992394
