%nprocshared=12
%chk=checkpoint.chk
%mem=12GB
# sp B3LYP/Def2TZVP NoSymm
 
int_initalOpt_zmat_AlignedSp
 
0 1
 H
 C,1,R2
 C,2,R3,1,A3
 O,2,R4,1,A4,3,D4,0
 H,2,R5,1,A5,3,D5,0
 C,4,R6,2,A6,1,D6,0
 C,3,R7,2,A7,1,D7,0
 C,3,R8,2,A8,7,D8,0
 H,6,R9,4,A9,2,D9,0
 H,6,R10,4,A10,9,D10,0
 C,7,R11,3,A11,2,D11,0
 H,7,R12,3,A12,11,D12,0
 H,8,R13,3,A13,2,D13,0
 C,8,R14,3,A14,13,D14,0
 C,11,R15,7,A15,3,D15,0
 H,11,R16,7,A16,15,D16,0
 H,14,R17,8,A17,3,D17,0
 H,14,R18,8,A18,17,D18,0
 H,14,R19,8,A19,17,D19,0
 H,15,R20,11,A20,7,D20,0
 H,15,R21,11,A21,20,D21,0
      Variables:
 R2=1.09915376
 R3=1.51626735
 R4=1.42565496
 R5=1.09206343
 R6=1.42273003
 R7=1.52659723
 R8=1.3277967
 R9=1.08929483
 R10=1.09849104
 R11=1.49899651
 R12=1.09959128
 R13=1.08599848
 R14=1.49924024
 R15=1.32762258
 R16=1.08618506
 R17=1.0900346
 R18=1.09441424
 R19=1.09419818
 R20=1.08303243
 R21=1.08257378
 A3=110.97614188
 A4=110.23604932
 A5=108.05105691
 A6=107.34274504
 A7=106.13510529
 A8=126.50411105
 A9=107.86764279
 A10=110.50275252
 A11=115.93038352
 A12=107.04802775
 A13=118.75147835
 A14=125.78011156
 A15=126.55846154
 A16=115.12803812
 A17=112.56643767
 A18=110.97916739
 A19=110.93572759
 A20=122.69595223
 A21=120.97618851
 D4=117.36482112
 D5=-125.08574508
 D6=-93.9758458
 D7=116.46950791
 D8=-179.05065378
 D9=-160.68102097
 D10=-118.99562351
 D11=-146.56691733
 D12=-120.09736813
 D13=178.67022655
 D14=-179.96342913
 D15=127.61281589
 D16=178.32527954
 D17=1.22610067
 D18=-120.85814497
 D19=120.90689724
 D20=-0.91140428
 D21=179.94029578
 
