%nprocshared=12
%chk=checkpoint.chk
%mem=12GB
# Opt=(Z-matrix, MaxStep=10) B3LYP/Def2TZVP Field=read NoSymm freq=noraman pop=none
 
int_zmat_initalOpt
 
0 1
 H
 C,1,R2
 C,2,R3,1,A3
 C,2,R4,1,A4,3,D4,0
 H,2,R5,1,A5,3,D5,0
 H,4,R6,2,A6,1,D6,0
 C,3,R7,2,A7,1,D7,0
 C,4,R8,2,A8,6,D8,0
 H,3,R9,2,A9,7,D9,0
 H,3,R10,2,A10,7,D10,0
 H,7,R11,3,A11,2,D11,0
 H,8,R12,4,A12,2,D12,0
 C,7,R13,3,A13,11,D13,0
 C,8,R14,4,A14,12,D14,0
 H,14,R15,8,A15,4,D15,0
 H,14,R16,8,A16,15,D16,0
 C,13,R17,7,A17,3,D17,0
 H,13,R18,7,A18,17,D18,0
 H,17,R19,13,A19,7,D19,0
 H,17,R20,13,A20,19,D20,0
      Variables:
 R2=1.0884199
 R3=1.54700262
 R4=1.55023924
 R5=1.09046513
 R6=1.09390611
 R7=1.54464024
 R8=1.49690732
 R9=1.09012245
 R10=1.08992272
 R11=1.09521905
 R12=1.08748446
 R13=1.49095851
 R14=1.32765682
 R15=1.08275886
 R16=1.08259339
 R17=1.32781743
 R18=1.0884266
 R19=1.08255297
 R20=1.08328633
 A3=117.33076627
 A4=117.70468981
 A5=108.22625425
 A6=114.97586558
 A7=88.90092467
 A8=117.64031767
 A9=111.25178134
 A10=117.84480102
 A11=109.26839636
 A12=114.39828311
 A13=121.87744391
 A14=127.63946387
 A15=122.62297133
 A16=120.97448141
 A17=126.32444963
 A18=115.22677409
 A19=121.3526288
 A20=122.02579251
 D4=105.16846462
 D5=-127.89939623
 D6=106.94680589
 D7=139.8787045
 D8=-129.20117985
 D9=-112.93112182
 D10=120.45747227
 D11=89.01669806
 D12=-166.73103973
 D13=127.44076128
 D14=-179.23740597
 D15=-0.66025805
 D16=179.75198402
 D17=-6.20754116
 D18=-178.92400456
 D19=-178.97780132
 D20=179.73644528
 
-0.00230565924067 -0.000779575401005 -0.000571137163966 0.0 0.0 0.0 0.0 0.0 0.0
0.0 0.0 0.0 0.0 0.0 0.0 0.0 0.0 0.0 0.0
0.0 0.0 0.0 0.0 0.0 0.0 0.0 0.0 0.0 0.0 0.0 0.0 0.0 0.0 0.0


