%nprocshared=12
%chk=checkpoint.chk
%mem=12GB
# Opt=(Z-matrix, MaxStep=10) B3LYP/Def2TZVP Field=read NoSymm freq=noraman pop=none
 
int_zmat_initalOpt
 
0 1
 N
 C,1,R2
 O,1,R3,2,A3
 C,1,R4,2,A4,3,D4,0
 C,1,R5,2,A5,3,D5,0
 C,2,R6,1,A6,3,D6,0
 H,2,R7,1,A7,6,D7,0
 H,2,R8,1,A8,6,D8,0
 H,4,R9,1,A9,2,D9,0
 H,4,R10,1,A10,9,D10,0
 H,4,R11,1,A11,9,D11,0
 H,5,R12,1,A12,2,D12,0
 H,5,R13,1,A13,12,D13,0
 H,5,R14,1,A14,12,D14,0
 H,6,R15,2,A15,1,D15,0
 H,6,R16,2,A16,15,D16,0
 H,6,R17,2,A17,15,D17,0
      Variables:
 R2=1.52387276
 R3=1.35902239
 R4=1.497488
 R5=1.4991802
 R6=1.51409213
 R7=1.08847311
 R8=1.09335457
 R9=1.08606805
 R10=1.08589444
 R11=1.09220162
 R12=1.08437362
 R13=1.08591968
 R14=1.09202387
 R15=1.08893072
 R16=1.09074775
 R17=1.09125205
 A3=110.53467215
 A4=108.0255359
 A5=110.52817452
 A6=112.74231861
 A7=103.97532594
 A8=108.37418979
 A9=107.0063007
 A10=107.00844397
 A11=111.39844539
 A12=107.59121306
 A13=106.74390927
 A14=111.36878743
 A15=109.05886512
 A16=112.66611587
 A17=109.08598447
 D4=-119.52251189
 D5=121.61105846
 D6=-55.45287196
 D7=119.25898976
 D8=-124.88503697
 D9=179.13547068
 D10=-117.07521601
 D11=121.46539599
 D12=-65.00845016
 D13=-116.95438107
 D14=121.87148956
 D15=48.28613409
 D16=-121.58873333
 D17=119.06537131
 
-0.0011673642767 -1.4085646817e-05 0.00221067008847 0.0 0.0 0.0 0.0 0.0 0.0
0.0 0.0 0.0 0.0 0.0 0.0 0.0 0.0 0.0 0.0
0.0 0.0 0.0 0.0 0.0 0.0 0.0 0.0 0.0 0.0 0.0 0.0 0.0 0.0 0.0


