%nprocshared=12
%chk=checkpoint.chk
%mem=12GB
# Opt=(Z-matrix, MaxStep=10) B3LYP/Def2TZVP Field=read NoSymm freq=noraman pop=none
 
int_zmat_initalOpt
 
0 1
 C
 C,1,R2
 C,1,R3,2,A3
 H,1,R4,2,A4,3,D4,0
 C,3,R5,1,A5,2,D5,0
 C,2,R6,1,A6,3,D6,0
 H,2,R7,1,A7,6,D7,0
 C,2,R8,1,A8,6,D8,0
 H,3,R9,1,A9,5,D9,0
 C,5,R10,3,A10,1,D10,0
 H,5,R11,3,A11,10,D11,0
 C,5,R12,3,A12,10,D12,0
 H,8,R13,2,A13,1,D13,0
 H,8,R14,2,A14,13,D14,0
 N,6,R15,2,A15,1,D15,0
 C,6,R16,2,A16,15,D16,0
 H,10,R17,5,A17,3,D17,0
 H,10,R18,5,A18,17,D18,0
 H,12,R19,5,A19,3,D19,0
 H,12,R20,5,A20,19,D20,0
 O,15,R21,6,A21,2,D21,0
 O,16,R22,6,A22,2,D22,0
 O,16,R23,6,A23,22,D23,0
 C,23,R24,16,A24,6,D24,0
 H,24,R25,23,A25,16,D25,0
 H,24,R26,23,A26,25,D26,0
 H,24,R27,23,A27,25,D27,0
      Variables:
 R2=1.50758851
 R3=1.3312603
 R4=1.08223005
 R5=1.50645432
 R6=1.56817229
 R7=1.08683924
 R8=1.55198666
 R9=1.08284615
 R10=1.55008896
 R11=1.08990871
 R12=1.5501628
 R13=1.0921289
 R14=1.09042825
 R15=1.55801242
 R16=1.53313171
 R17=1.08889093
 R18=1.09094849
 R19=1.09207956
 R20=1.09061092
 R21=1.18746717
 R22=1.20440954
 R23=1.34069103
 R24=1.43796141
 R25=1.08621539
 R26=1.08913617
 R27=1.08934914
 A3=114.40389444
 A4=121.25768087
 A5=114.24950703
 A6=107.77765151
 A7=112.76396789
 A8=107.831149
 A9=123.79817336
 A10=108.44973686
 A11=112.19317838
 A12=107.92568471
 A13=110.12664973
 A14=108.21237461
 A15=103.84147734
 A16=111.44666429
 A17=110.55584442
 A18=110.23728412
 A19=109.19906304
 A20=109.82997934
 A21=115.40502875
 A22=124.85831016
 A23=111.53792792
 A24=116.09610548
 A25=105.47545117
 A26=110.36354925
 A27=110.46442108
 D4=-179.74148314
 D5=0.59819827
 D6=-57.70770722
 D7=-121.19301773
 D8=115.35308887
 D9=179.83733579
 D10=57.60792949
 D11=121.46126369
 D12=-116.43397053
 D13=-177.56115565
 D14=-116.32145855
 D15=-68.87451185
 D16=-110.28021745
 D17=-176.26016496
 D18=-118.85772547
 D19=176.39977765
 D20=117.27908637
 D21=122.25172942
 D22=-130.61208379
 D23=-178.96169341
 D24=177.41787078
 D25=-178.83601442
 D26=119.56635313
 D27=-119.64131448
 
-0.000995631967168 -0.000694403747732 -0.00218552520486 0.0 0.0 0.0 0.0 0.0 0.0
0.0 0.0 0.0 0.0 0.0 0.0 0.0 0.0 0.0 0.0
0.0 0.0 0.0 0.0 0.0 0.0 0.0 0.0 0.0 0.0 0.0 0.0 0.0 0.0 0.0


