%nprocshared=12
%chk=checkpoint.chk
%mem=12GB
# Opt=(Z-matrix, MaxStep=10) B3LYP/Def2TZVP Field=read NoSymm freq=noraman pop=none
 
int_zmat_initalOpt
 
0 1
 H
 C,1,R2
 C,2,R3,1,A3
 C,2,R4,1,A4,3,D4,0
 H,3,R5,2,A5,1,D5,0
 C,3,R6,2,A6,5,D6,0
 C,4,R7,2,A7,1,D7,0
 H,4,R8,2,A8,7,D8,0
 C,6,R9,3,A9,2,D9,0
 C,6,R10,3,A10,9,D10,0
 H,7,R11,4,A11,2,D11,0
 H,9,R12,6,A12,3,D12,0
 C,9,R13,6,A13,12,D13,0
 H,9,R14,6,A14,12,D14,0
 H,13,R15,9,A15,6,D15,0
 H,13,R16,9,A16,15,D16,0
      Variables:
 R2=1.08319376
 R3=1.39878884
 R4=1.3970091
 R5=1.08336586
 R6=1.3826148
 R7=1.39878989
 R8=1.0831956
 R9=1.51936123
 R10=1.3900038
 R11=1.08336574
 R12=1.0914701
 R13=1.57853708
 R14=1.0914689
 R15=1.0914701
 R16=1.09146811
 A3=119.43908646
 A4=118.87478514
 A5=120.83334977
 A6=116.04145061
 A7=121.68619799
 A8=118.87485207
 A9=144.17040145
 A10=122.27242099
 A11=120.83341926
 A12=115.6777069
 A13=86.44285873
 A14=115.67782202
 A15=114.61806245
 A16=114.61821639
 D4=179.99987454
 D5=0.00008684
 D6=179.99977118
 D7=-179.99992394
 D8=-179.99988452
 D9=-179.99978394
 D10=179.99987745
 D11=-179.99990711
 D12=-64.32790278
 D13=-115.67189117
 D14=128.65597931
 D15=-116.68411727
 D16=-126.63208355
 
0.00120723626187 -0.0 0.00218919633839 0.0 0.0 0.0 0.0 0.0 0.0
0.0 0.0 0.0 0.0 0.0 0.0 0.0 0.0 0.0 0.0
0.0 0.0 0.0 0.0 0.0 0.0 0.0 0.0 0.0 0.0 0.0 0.0 0.0 0.0 0.0


