 C
 C,1,R2
 C,1,R3,2,A3
 H,1,R4,2,A4,3,D4,0
 H,1,R5,2,A5,3,D5,0
 C,2,R6,1,A6,3,D6,0
 C,3,R7,1,A7,2,D7,0
 H,2,R8,1,A8,6,D8,0
 H,2,R9,1,A9,6,D9,0
 H,3,R10,1,A10,7,D10,0
 C,7,R11,3,A11,1,D11,0
 C,6,R12,2,A12,1,D12,0
 H,6,R13,2,A13,12,D13,0
 H,7,R14,3,A14,11,D14,0
 C,12,R15,6,A15,2,D15,0
 H,12,R16,6,A16,15,D16,0
 H,11,R17,7,A17,3,D17,0
 H,11,R18,7,A18,17,D18,0
 H,15,R19,12,A19,6,D19,0
 H,15,R20,12,A20,19,D20,0
      Variables:
 R2=1.539197
 R3=1.52389253
 R4=1.09159039
 R5=1.09155591
 R6=1.52389169
 R7=1.39163729
 R8=1.09159028
 R9=1.09155584
 R10=1.08383308
 R11=1.3767659
 R12=1.39163579
 R13=1.08383243
 R14=1.08651206
 R15=1.37676604
 R16=1.08651243
 R17=1.07997664
 R18=1.08160072
 R19=1.07997689
 R20=1.08160002
 A3=102.25227276
 A4=112.61872193
 A5=112.82168101
 A6=102.25231488
 A7=123.9329063
 A8=112.6185702
 A9=112.82171971
 A10=116.43869693
 A11=124.75674813
 A12=123.93287596
 A13=116.43876237
 A14=116.33963262
 A15=124.75683339
 A16=116.33961679
 A17=121.28355407
 A18=120.14802235
 A19=121.28354233
 A20=120.14809084
 D4=118.91140119
 D5=-120.13858274
 D6=-0.00017753
 D7=-100.07284942
 D8=-118.91139718
 D9=120.13865158
 D10=-161.24199967
 D11=18.89244735
 D12=100.07311151
 D13=161.24205096
 D14=165.07176127
 D15=-18.89227106
 D16=-165.07196146
 D17=-25.70280029
 D18=-159.52692176
 D19=25.70266865
 D20=159.52711969
