%nprocshared=12
%chk=checkpoint.chk
%mem=12GB
# sp B3LYP/Def2TZVP NoSymm
 
ts_initalOpt_zmat_AlignedSp
 
0 1
 H
 C,1,R2
 H,2,R3,1,A3
 C,2,R4,1,A4,3,D4,0
 C,2,R5,1,A5,3,D5,0
 H,5,R6,2,A6,1,D6,0
 C,4,R7,2,A7,1,D7,0
 C,5,R8,2,A8,6,D8,0
 H,4,R9,2,A9,7,D9,0
 H,4,R10,2,A10,7,D10,0
 H,8,R11,5,A11,2,D11,0
 C,8,R12,5,A12,11,D12,0
 C,7,R13,4,A13,2,D13,0
 H,7,R14,4,A14,13,D14,0
 H,12,R15,8,A15,5,D15,0
 H,12,R16,8,A16,15,D16,0
 C,13,R17,7,A17,4,D17,0
 H,13,R18,7,A18,17,D18,0
 H,17,R19,13,A19,7,D19,0
 H,17,R20,13,A20,19,D20,0
      Variables:
 R2=1.09159039
 R3=1.09155591
 R4=1.539197
 R5=1.52389253
 R6=1.08383308
 R7=1.52389169
 R8=1.39163729
 R9=1.09159028
 R10=1.09155584
 R11=1.08651206
 R12=1.3767659
 R13=1.39163579
 R14=1.08383243
 R15=1.07997664
 R16=1.08160072
 R17=1.37676604
 R18=1.08651243
 R19=1.07997689
 R20=1.08160002
 A3=106.76207035
 A4=112.61872193
 A5=110.76210903
 A6=116.43869693
 A7=102.25231488
 A8=123.9329063
 A9=112.6185702
 A10=112.82171971
 A11=116.33963262
 A12=124.75674813
 A13=123.93287596
 A14=116.43876237
 A15=121.28355407
 A16=120.14802235
 A17=124.75683339
 A18=116.33961679
 A19=121.28354233
 A20=120.14809084
 D4=124.35505649
 D5=-121.82784172
 D6=-21.52825008
 D7=118.91122366
 D8=161.24199967
 D9=-118.91139718
 D10=120.13865158
 D11=-176.03579138
 D12=-165.07176127
 D13=100.07311151
 D14=161.24205096
 D15=-25.70280029
 D16=-159.52692176
 D17=-18.89227106
 D18=-165.07196146
 D19=25.70266865
 D20=159.52711969
 
