%nprocshared=12
%chk=checkpoint.chk
%mem=12GB
# sp B3LYP/Def2TZVP NoSymm
 
ts_initalOpt_zmat_AlignedSp
 
0 1
 C
 C,1,R2
 C,1,R3,2,A3
 C,2,R4,1,A4,3,D4,0
 O,3,R5,1,A5,2,D5,0
 H,3,R6,1,A6,5,D6,0
 H,3,R7,1,A7,5,D7,0
 H,4,R8,2,A8,1,D8,0
 H,4,R9,2,A9,8,D9,0
 H,4,R10,2,A10,8,D10,0
 C,5,R11,3,A11,1,D11,0
 C,11,R12,5,A12,3,D12,0
 H,11,R13,5,A13,12,D13,0
 H,11,R14,5,A14,12,D14,0
 C,12,R15,11,A15,5,D15,0
 H,12,R16,11,A16,15,D16,0
 C,15,R17,12,A17,11,D17,0
 H,15,R18,12,A18,17,D18,0
 H,17,R19,15,A19,12,D19,0
 H,17,R20,15,A20,19,D20,0
 H,17,R21,15,A21,19,D21,0
      Variables:
 R2=1.24931596
 R3=1.46791565
 R4=1.48310042
 R5=1.43347089
 R6=1.0958394
 R7=1.09481608
 R8=1.09214811
 R9=1.09276911
 R10=1.09283966
 R11=1.43421904
 R12=1.49890992
 R13=1.09286514
 R14=1.09488413
 R15=1.37929571
 R16=1.08843567
 R17=1.40895003
 R18=1.08616371
 R19=1.33996608
 R20=1.08625619
 R21=1.0852847
 A3=153.08872986
 A4=146.20988899
 A5=110.65931268
 A6=111.57691673
 A7=109.90136614
 A8=111.74768094
 A9=110.92810463
 A10=110.62194836
 A11=112.65144954
 A12=109.43257058
 A13=104.84936181
 A14=110.89326115
 A15=129.62783217
 A16=111.38958777
 A17=124.14997777
 A18=115.66851569
 A19=94.35546446
 A20=119.46783623
 A21=117.67810113
 D4=-23.29376872
 D5=-114.64186307
 D6=-121.8808798
 D7=118.30225424
 D8=2.06209135
 D9=-120.83328229
 D10=120.80070976
 D11=-14.14424084
 D12=-35.40933709
 D13=-119.08781596
 D14=124.29215938
 D15=146.13262476
 D16=156.49385751
 D17=-41.09773803
 D18=-156.05305452
 D19=-60.29725014
 D20=101.20729341
 D21=-115.04054066
 
