%nprocshared=12
%chk=checkpoint.chk
%mem=12GB
# Opt=(Z-matrix, MaxStep=10) B3LYP/Def2TZVP Field=read NoSymm freq=noraman pop=none
 
int_zmat_initalOpt
 
0 1
 C
 C,1,R2
 C,1,R3,2,A3
 C,1,R4,2,A4,3,D4,0
 H,2,R5,1,A5,3,D5,0
 C,2,R6,1,A6,5,D6,0
 O,3,R7,1,A7,2,D7,0
 H,3,R8,1,A8,7,D8,0
 H,3,R9,1,A9,7,D9,0
 C,4,R10,1,A10,2,D10,0
 C,4,R11,1,A11,10,D11,0
 H,4,R12,1,A12,10,D12,0
 H,6,R13,2,A13,1,D13,0
 H,6,R14,2,A14,13,D14,0
 H,6,R15,2,A15,13,D15,0
 H,10,R16,4,A16,1,D16,0
 H,10,R17,4,A17,16,D17,0
 C,11,R18,4,A18,1,D18,0
 H,11,R19,4,A19,18,D19,0
 H,18,R20,11,A20,4,D20,0
 H,18,R21,11,A21,20,D21,0
      Variables:
 R2=1.3277967
 R3=1.51626735
 R4=1.52659723
 R5=1.08599848
 R6=1.49924024
 R7=1.42565496
 R8=1.09206343
 R9=1.09915376
 R10=1.53265426
 R11=1.49899651
 R12=1.09959128
 R13=1.09003407
 R14=1.09441424
 R15=1.09419818
 R16=1.08929483
 R17=1.09849121
 R18=1.32762192
 R19=1.08618506
 R20=1.08303296
 R21=1.08257394
 A3=126.50411105
 A4=127.35314367
 A5=118.75147835
 A6=125.78011156
 A7=106.19339913
 A8=113.53866994
 A9=110.97614188
 A10=101.14614034
 A11=115.93038352
 A12=107.04802775
 A13=112.56648097
 A14=110.97916739
 A15=110.93572759
 A16=114.00939474
 A17=110.66494724
 A18=126.55847005
 A19=115.12803812
 A20=122.69596639
 A21=120.97623297
 D4=-178.85273984
 D5=178.67022655
 D6=-179.96342913
 D7=177.6119981
 D8=-118.25622022
 D9=119.80685602
 D10=160.51472333
 D11=-128.04162068
 D12=111.86101119
 D13=1.22611204
 D14=-120.85815634
 D15=120.90688587
 D16=152.23322926
 D17=123.22075467
 D18=127.6128551
 D19=178.32524033
 D20=-0.91149344
 D21=179.94042525
 
0.00107024943526 0.00157496723174 -0.00161989023247 0.0 0.0 0.0 0.0 0.0 0.0
0.0 0.0 0.0 0.0 0.0 0.0 0.0 0.0 0.0 0.0
0.0 0.0 0.0 0.0 0.0 0.0 0.0 0.0 0.0 0.0 0.0 0.0 0.0 0.0 0.0


