 C
 C,1,R2
 C,1,R3,2,A3
 H,1,R4,2,A4,3,D4,0
 O,3,R5,1,A5,2,D5,0
 C,2,R6,1,A6,3,D6,0
 H,2,R7,1,A7,6,D7,0
 C,6,R8,2,A8,1,D8,0
 H,6,R9,2,A9,8,D9,0
 C,8,R10,6,A10,2,D10,0
 N,8,R11,6,A11,10,D11,0
 H,10,R12,8,A12,6,D12,0
 C,10,R13,8,A13,12,D13,0
 C,11,R14,8,A14,6,D14,0
 H,11,R15,8,A15,14,D15,0
 H,13,R16,10,A16,8,D16,0
 H,14,R17,11,A17,8,D17,0
      Variables:
 R2=1.45400505
 R3=1.3199791
 R4=1.08514269
 R5=1.15844692
 R6=1.34726709
 R7=1.0831968
 R8=1.44480889
 R9=1.08623152
 R10=1.38864366
 R11=1.38160983
 R12=1.07576465
 R13=1.41452459
 R14=1.36598234
 R15=1.00484123
 R16=1.07723553
 R17=1.07651633
 A3=129.55524833
 A4=118.04390291
 A5=176.33458384
 A6=131.31079472
 A7=112.47716148
 A8=130.23633918
 A9=115.27054261
 A10=134.06788837
 A11=119.70483291
 A12=125.97987791
 A13=108.13983687
 A14=110.65120306
 A15=124.15012208
 A16=126.6741883
 A17=121.39735624
 D4=-173.384148
 D5=176.91056627
 D6=-17.85921372
 D7=179.19383763
 D8=-5.10925485
 D9=-179.21447778
 D10=-24.54255632
 D11=-175.41855432
 D12=0.50036917
 D13=-176.85455485
 D14=177.41161158
 D15=176.13526142
 D16=179.52434318
 D17=179.02346221
