%nprocshared=12
%chk=checkpoint.chk
%mem=12GB
# sp B3LYP/Def2TZVP NoSymm
 
ts_initalOpt_zmat_AlignedSp
 
0 1
 C
 C,1,R2
 C,1,R3,2,A3
 H,1,R4,2,A4,3,D4,0
 H,2,R5,1,A5,3,D5,0
 H,3,R6,1,A6,2,D6,0
 C,3,R7,1,A7,6,D7,0
 C,2,R8,1,A8,5,D8,0
 H,7,R9,3,A9,1,D9,0
 O,7,R10,3,A10,9,D10,0
 H,8,R11,2,A11,1,D11,0
 H,8,R12,2,A12,11,D12,0
      Variables:
 R2=1.38897396
 R3=1.39888274
 R4=1.08604499
 R5=1.08300587
 R6=1.08156519
 R7=1.41317811
 R8=1.39154798
 R9=1.09688771
 R10=1.25677048
 R11=1.08253896
 R12=1.08112526
 A3=120.88860272
 A4=120.0086075
 A5=120.74978445
 A6=119.66859241
 A7=118.97527023
 A8=117.32014816
 A9=115.63487628
 A10=128.0709295
 A11=120.84503568
 A12=118.50256483
 D4=-168.74001098
 D5=148.50586513
 D6=-176.82554659
 D7=154.18448499
 D8=-169.69548039
 D9=-142.9618083
 D10=171.43425531
 D11=163.18628083
 D12=152.61335417
 
