%nprocshared=12
%chk=checkpoint.chk
%mem=12GB
# sp B3LYP/Def2TZVP NoSymm
 
ts_initalOpt_zmat_AlignedSp
 
0 1
 C
 C,1,R2
 C,1,R3,2,A3
 H,1,R4,2,A4,3,D4,0
 C,3,R5,1,A5,2,D5,0
 H,2,R6,1,A6,3,D6,0
 C,2,R7,1,A7,6,D7,0
 H,3,R8,1,A8,5,D8,0
 C,5,R9,3,A9,1,D9,0
 H,5,R10,3,A10,9,D10,0
 C,5,R11,3,A11,9,D11,0
 H,7,R12,2,A12,1,D12,0
 H,7,R13,2,A13,12,D13,0
 C,9,R14,5,A14,3,D14,0
 H,9,R15,5,A15,14,D15,0
 H,9,R16,5,A16,14,D16,0
 H,11,R17,5,A17,3,D17,0
 H,11,R18,5,A18,17,D18,0
 N,14,R19,9,A19,5,D19,0
 C,14,R20,9,A20,19,D20,0
 O,19,R21,14,A21,9,D21,0
 O,20,R22,14,A22,9,D22,0
 O,20,R23,14,A23,22,D23,0
 C,23,R24,20,A24,14,D24,0
 H,24,R25,23,A25,20,D25,0
 H,24,R26,23,A26,25,D26,0
 H,24,R27,23,A27,25,D27,0
      Variables:
 R2=1.39948512
 R3=1.36843291
 R4=1.08174489
 R5=1.48576309
 R6=1.08409729
 R7=1.50149192
 R8=1.08087639
 R9=1.58331142
 R10=1.0896419
 R11=1.54070272
 R12=1.09094799
 R13=1.09631578
 R14=1.49193746
 R15=1.0881649
 R16=1.09101691
 R17=1.0908843
 R18=1.09166909
 R19=1.36531419
 R20=1.47741771
 R21=1.25179753
 R22=1.21535663
 R23=1.34361635
 R24=1.43383295
 R25=1.08664953
 R26=1.08973872
 R27=1.09002269
 A3=116.55515918
 A4=120.8326071
 A5=117.25266321
 A6=118.99277574
 A7=120.2202839
 A8=121.5410712
 A9=110.38533103
 A10=111.22441452
 A11=108.74869362
 A12=110.79630691
 A13=106.90146814
 A14=115.04569544
 A15=108.09120887
 A16=106.69531509
 A17=109.6481152
 A18=109.34733207
 A19=118.5704565
 A20=120.15016396
 A21=113.0388932
 A22=123.19712062
 A23=113.86348227
 A24=115.79278477
 A25=105.38027908
 A26=110.69991061
 A27=110.84916014
 D4=164.12172862
 D5=-4.29566919
 D6=-159.90582094
 D7=-157.73423918
 D8=178.1726389
 D9=72.79469138
 D10=119.25084245
 D11=-118.92575069
 D12=-148.12043043
 D13=-114.62705081
 D14=-40.8137173
 D15=-123.26753836
 D16=118.70982819
 D17=-178.27120408
 D18=117.46271569
 D19=80.31823584
 D20=158.22876858
 D21=-11.46131991
 D22=11.90353085
 D23=179.08417919
 D24=178.53979329
 D25=-178.99419047
 D26=119.4865906
 D27=-119.59740456
 
